7.450870275497436523e-01
8.553535342216491699e-01
8.834957480430603027e-01
9.003998041152954102e-01
9.144653677940368652e-01
9.247230887413024902e-01
9.345454573631286621e-01
9.367120862007141113e-01
9.466862678527832031e-01
9.540960192680358887e-01
9.585101604461669922e-01
9.622099399566650391e-01
9.638337492942810059e-01
9.671286344528198242e-01
9.701667428016662598e-01
9.726495742797851562e-01
9.743896126747131348e-01
9.758091568946838379e-01
9.768325686454772949e-01
9.781165122985839844e-01
9.794869422912597656e-01
9.804277420043945312e-01
9.810809493064880371e-01
9.817927479743957520e-01
9.822168350219726562e-01
9.827021956443786621e-01
9.830101728439331055e-01
9.832946658134460449e-01
9.833346605300903320e-01
9.834311008453369141e-01
