6.765193939208984375e-01
8.419119715690612793e-01
8.713610172271728516e-01
8.942070603370666504e-01
9.092586040496826172e-01
9.188886284828186035e-01
9.285028576850891113e-01
9.391220808029174805e-01
9.464035630226135254e-01
9.400603771209716797e-01
9.550412893295288086e-01
9.589178562164306641e-01
9.628726840019226074e-01
9.656345844268798828e-01
9.675866961479187012e-01
9.641881585121154785e-01
9.700490832328796387e-01
9.727049469947814941e-01
9.740880727767944336e-01
9.752112627029418945e-01
9.766103625297546387e-01
9.776191711425781250e-01
9.782459139823913574e-01
9.790624380111694336e-01
9.796653389930725098e-01
9.800982475280761719e-01
9.804221987724304199e-01
9.806904792785644531e-01
9.807426929473876953e-01
9.808031320571899414e-01
