2.598360947754950190e-01
1.345280892782956816e-01
1.042940627043332652e-01
8.428171736943605719e-02
7.100209088977850469e-02
6.250943459497601551e-02
5.455285997557717675e-02
4.611157033143486322e-02
4.036151103869517476e-02
4.524882396846912486e-02
3.365693049632765416e-02
3.061514978785468202e-02
2.763850610788171416e-02
2.552650947160169451e-02
2.402606404140737381e-02
2.657727847415771935e-02
2.211936469211057965e-02
2.010618708117679898e-02
1.903697538586994822e-02
1.821474798314928756e-02
1.716711868437959670e-02
1.639425530058941441e-02
1.597053349831108193e-02
1.532675477855077392e-02
1.487862916681490823e-02
1.454695961544296215e-02
1.432832789452631247e-02
1.413540388624326405e-02
1.409447526237669543e-02
1.403901780612693863e-02
