2.622690741904080136e-01
1.465287571772933006e-01
1.143214097401748092e-01
9.644463066942990381e-02
8.142194875205556459e-02
7.107930819038302261e-02
6.175101296200106310e-02
5.961096415606637750e-02
5.006745078135281524e-02
4.290391996425266252e-02
3.870490072295069972e-02
3.518009831896051764e-02
3.385153856749335832e-02
3.059712316608056287e-02
2.771276100538671086e-02
2.541302737469474521e-02
2.372436688747257133e-02
2.237982895264091499e-02
2.141612158933033430e-02
2.023535219874854005e-02
1.895547186334927900e-02
1.805437968966240592e-02
1.741640213294886122e-02
1.677913462238696599e-02
1.636159929718511777e-02
1.589772709606525683e-02
1.562931960021766639e-02
1.535586034879088402e-02
1.531104488337101978e-02
1.522998504030207735e-02
